R = 6371
C = ['Montgomery', 'Phoenix', 'Little Rock', 'Sacramento', 'Denver', 'Hartford', 'Dover', 'Tallahassee', 'Atlanta', 'Boise', 'Springfield', 'Indianapolis', 'Des Moines', 'Topeka', 'Frankfort', 'Baton Rouge', 'Augusta', 'Annapolis', 'Boston', 'Lansing', 'Saint Paul', 'Jackson', 'Jefferson City', 'Helana', 'Lincoln', 'Carson City', 'Concord', 'Trenton', 'Santa Fe', 'Albany', 'Raleigh', 'Bismarck', 'Columbus', 'Oklahoma City', 'Salem', 'Harrisburg', 'Providence', 'Columbia', 'Pierre', 'Nashville', 'Austin', 'Salt Lake City', 'Montpelier', 'Richmond', 'Olympia', 'Charleston', 'Madison', 'Cheyenne']
CCOR = [['Montgomery', '32.361538', '-86.279118'], ['Phoenix', '33.448457', '-112.073844'], ['Little Rock', '34.736009', '-92.331122'], ['Sacramento', '38.555605', '-121.468926'], ['Denver', '39.7391667', '-104.984167'], ['Hartford', '41.767', '-72.677'], ['Dover', '39.161921', '-75.526755'], ['Tallahassee', '30.4518', '-84.27277'], ['Atlanta', '33.76', '-84.39'], ['Boise', '43.613739', '-116.237651'], ['Springfield', '39.783250', '-89.650373'], ['Indianapolis', '39.790942', '-86.147685'], ['Des Moines', '41.590939', '-93.620866'], ['Topeka', '39.04', '-95.69'], ['Frankfort', '38.197274', '-84.86311'], ['Baton Rouge', '30.45809', '-91.140229'], ['Augusta', '44.323535', '-69.765261'], ['Annapolis', '38.972945', '-76.501157'], ['Boston', '42.2352', '-71.0275'], ['Lansing', '42.7335', '-84.5467'], ['Saint Paul', '44.95', '-93.094'], ['Jackson', '32.320', '-90.207'], ['Jefferson City', '38.572954', '-92.189283'], ['Helana', '46.595805', '-112.027031'], ['Lincoln', '40.809868', '-96.675345'], ['Carson City', '39.160949', '-119.753877'], ['Concord', '43.220093', '-71.549127'], ['Trenton', '40.221741', '-74.756138'], ['Santa Fe', '35.667231', '-105.964575'], ['Albany', '42.659829', '-73.781339'], ['Raleigh', '35.771', '-78.638'], ['Bismarck', '48.813343', '-100.779004'], ['Columbus', '39.962245', '-83.000647'], ['Oklahoma City', '35.482309', '-97.534994'], ['Salem', '44.931109', '-123.029159'], ['Harrisburg', '40.269789', '-76.875613'], ['Providence', '41.82355', '-71.422132'], ['Columbia', '34.000', '-81.035'], ['Pierre', '44.367966', '-100.336378'], ['Nashville', '36.165', '-86.784'], ['Austin', '30.266667', '-97.75'], ['Salt Lake City', '40.7547', '-111.892622'], ['Montpelier', '44.26639', '-72.57194'], ['Richmond', '37.54', '-77.46'], ['Olympia', '47.042418', '-122.893077'], ['Charleston', '38.349497', '-81.633294'], ['Madison', '43.074722', '-89.384444'], ['Cheyenne', '41.145548', '-104.802042']]
CDIS = [[0, 2404, 619, 3240, 1865, 1593, 1228, 285, 234, 2887, 878, 826, 1214, 1127, 661, 507, 1953, 1147, 1734, 1163, 1518, 369, 873, 2697, 1318, 3094, 1765, 1350, 1847, 1586, 799, 2192, 894, 1094, 3446, 1216, 1682, 520, 1807, 425, 1113, 2459, 1779, 987, 3488, 787, 1221, 1911], [2404, 0, 1820, 1017, 942, 3558, 3312, 2636, 2556, 1186, 2114, 2409, 1856, 1592, 2499, 1999, 3808, 3228, 3695, 2605, 2067, 2041, 1872, 1461, 1588, 935, 3658, 3379, 611, 3472, 3056, 1948, 2677, 1350, 1584, 3199, 3662, 2860, 1579, 2321, 1396, 812, 3585, 3148, 1764, 2782, 2241, 1069], [619, 1820, 0, 2622, 1249, 1880, 1569, 892, 737, 2273, 609, 784, 770, 564, 770, 488, 2199, 1482, 2025, 1115, 1137, 333, 426, 2110, 775, 2476, 2021, 1662, 1242, 1829, 1247, 1712, 1008, 480, 2834, 1493, 1981, 1039, 1270, 526, 710, 1840, 1991, 1369, 2884, 1035, 961, 1303], [3240, 1017, 2622, 0, 1425, 4105, 3935, 3499, 3348, 712, 2731, 3028, 2382, 2227, 3169, 2905, 4285, 3858, 4228, 3124, 2444, 2900, 2534, 1180, 2129, 163, 4165, 3971, 1409, 3997, 3773, 2006, 3289, 2145, 720, 3794, 4206, 3630, 1869, 3058, 2354, 854, 4065, 3817, 950, 3441, 2729, 1449], [1865, 942, 1249, 1425, 0, 2714, 2518, 2141, 1946, 1028, 1309, 1607, 979, 802, 1744, 1624, 2929, 2440, 2844, 1736, 1134, 1560, 1109, 951, 714, 1268, 2793, 2563, 460, 2615, 2348, 1062, 1872, 808, 1587, 2384, 2817, 2216, 641, 1641, 1241, 596, 2706, 2393, 1653, 2016, 1350, 157], [1593, 3558, 1880, 4105, 2714, 0, 376, 1630, 1358, 3525, 1443, 1154, 1735, 1966, 1110, 2073, 369, 448, 145, 982, 1683, 1871, 1691, 3149, 2001, 3943, 186, 244, 2946, 134, 843, 2317, 890, 2260, 4020, 389, 104, 1131, 2254, 1367, 2578, 3251, 278, 623, 3962, 851, 1376, 2662], [1228, 3312, 1569, 3935, 2518, 376, 0, 1253, 993, 3397, 1213, 913, 1553, 1736, 817, 1718, 746, 86, 510, 854, 1582, 1525, 1442, 3056, 1806, 3774, 560, 135, 2703, 415, 466, 2272, 646, 1983, 3917, 168, 456, 755, 2128, 1044, 2251, 3082, 618, 246, 3881, 537, 1237, 2486], [285, 2636, 892, 3499, 2141, 1630, 1253, 0, 368, 3165, 1146, 1052, 1494, 1412, 862, 658, 1999, 1183, 1763, 1365, 1786, 600, 1157, 2982, 1603, 3357, 1811, 1385, 2098, 1646, 790, 2471, 1063, 1356, 3725, 1280, 1708, 498, 2091, 676, 1292, 2731, 1847, 1007, 3770, 910, 1474, 2191], [234, 2556, 737, 3348, 1946, 1358, 993, 368, 0, 2950, 817, 688, 1189, 1168, 495, 733, 1719, 913, 1499, 997, 1449, 565, 880, 2726, 1337, 3198, 1531, 1116, 1979, 1353, 570, 2153, 700, 1217, 3507, 983, 1447, 310, 1807, 345, 1317, 2543, 1548, 753, 3533, 567, 1122, 1973], [2887, 1186, 2273, 712, 1028, 3525, 3397, 3165, 2950, 0, 2238, 2519, 1858, 1784, 2687, 2648, 3669, 3327, 3638, 2556, 1842, 2588, 2083, 468, 1636, 575, 3565, 3417, 1244, 3408, 3302, 1319, 2766, 1834, 560, 3246, 3621, 3204, 1272, 2629, 2204, 478, 3455, 3312, 644, 2940, 2162, 977], [878, 2114, 609, 2731, 1309, 1443, 1213, 1146, 817, 2238, 0, 299, 390, 525, 449, 1045, 1712, 1132, 1582, 537, 640, 831, 256, 1957, 606, 2572, 1551, 1268, 1503, 1362, 1064, 1336, 567, 842, 2781, 1088, 1547, 999, 1017, 474, 1288, 1885, 1492, 1086, 2780, 709, 366, 1289], [826, 2409, 784, 3028, 1607, 1154, 913, 1052, 688, 2519, 299, 0, 660, 823, 209, 1132, 1440, 833, 1295, 353, 808, 907, 537, 2218, 899, 2868, 1272, 970, 1797, 1081, 796, 1532, 269, 1110, 3056, 790, 1258, 787, 1274, 407, 1493, 2178, 1224, 794, 3044, 421, 453, 1582], [1214, 1856, 770, 2382, 979, 1735, 1553, 1494, 1189, 1858, 390, 660, 0, 333, 836, 1257, 1957, 1478, 1865, 758, 375, 1074, 356, 1567, 269, 2221, 1815, 1589, 1256, 1636, 1449, 978, 911, 759, 2396, 1412, 1837, 1388, 627, 844, 1312, 1529, 1734, 1454, 2391, 1082, 385, 933], [1127, 1592, 564, 2227, 802, 1966, 1736, 1412, 1168, 1784, 525, 823, 333, 0, 944, 1040, 2221, 1654, 2103, 1021, 691, 896, 307, 1570, 213, 2070, 2066, 1793, 981, 1880, 1546, 1159, 1092, 427, 2340, 1613, 2070, 1422, 706, 846, 993, 1393, 1998, 1597, 2367, 1221, 693, 809], [661, 2499, 770, 3169, 1744, 1110, 817, 862, 495, 2687, 449, 209, 836, 944, 0, 1035, 1430, 731, 1255, 505, 1015, 813, 639, 2402, 1053, 3011, 1251, 898, 1892, 1059, 615, 1737, 253, 1166, 3230, 725, 1212, 579, 1460, 282, 1474, 2327, 1227, 653, 3227, 282, 662, 1733], [507, 1999, 488, 2905, 1624, 2073, 1718, 658, 733, 2648, 1045, 1132, 1257, 1040, 1035, 0, 2424, 1635, 2217, 1485, 1620, 225, 907, 2538, 1254, 2771, 2238, 1835, 1495, 2052, 1304, 2197, 1288, 816, 3204, 1688, 2166, 1028, 1744, 752, 634, 2189, 2237, 1484, 3278, 1235, 1411, 1707], [1953, 3808, 2199, 4285, 2929, 369, 746, 1999, 1719, 3669, 1712, 1440, 1957, 2221, 1430, 2424, 0, 816, 253, 1203, 1840, 2216, 1967, 3266, 2227, 4122, 188, 613, 3200, 373, 1212, 2405, 1192, 2549, 4137, 737, 308, 1500, 2416, 1700, 2905, 3436, 223, 992, 4058, 1191, 1579, 2861], [1147, 3228, 1482, 3858, 2440, 448, 86, 1183, 913, 3327, 1132, 833, 1478, 1654, 731, 1635, 816, 0, 587, 794, 1520, 1440, 1359, 2992, 1729, 3697, 628, 204, 2619, 469, 402, 2217, 568, 1897, 3850, 147, 534, 685, 2060, 957, 2164, 3006, 672, 179, 3818, 450, 1171, 2409], [1734, 3695, 2025, 4228, 2844, 145, 510, 1763, 1499, 3638, 1582, 1295, 1865, 2103, 1255, 2217, 253, 587, 0, 1108, 1796, 2016, 1832, 3254, 2133, 4065, 117, 383, 3085, 230, 973, 2412, 1033, 2403, 4127, 535, 56, 1265, 2370, 1513, 2724, 3374, 258, 757, 4062, 996, 1501, 2788], [1163, 2605, 1115, 3124, 1736, 982, 854, 1365, 997, 2556, 537, 353, 758, 1021, 505, 1485, 1203, 794, 1108, 0, 728, 1260, 793, 2203, 1027, 2961, 1057, 861, 1998, 879, 925, 1424, 334, 1377, 3067, 694, 1083, 1017, 1283, 755, 1815, 2269, 979, 833, 3027, 546, 395, 1680], [1518, 2067, 1137, 2444, 1134, 1683, 1582, 1786, 1449, 1842, 640, 808, 375, 691, 1015, 1620, 1840, 1520, 1796, 728, 0, 1426, 713, 1476, 544, 2281, 1726, 1586, 1498, 1566, 1590, 724, 995, 1117, 2342, 1422, 1779, 1594, 576, 1111, 1682, 1597, 1622, 1541, 2299, 1200, 362, 1039], [369, 2041, 333, 2900, 1560, 1871, 1525, 600, 565, 2588, 831, 907, 1074, 896, 813, 225, 2216, 1440, 2016, 1260, 1426, 0, 718, 2440, 1105, 2759, 2031, 1636, 1497, 1844, 1131, 2035, 1067, 761, 3148, 1483, 1966, 873, 1601, 530, 752, 2144, 2025, 1297, 3206, 1025, 1198, 1625], [873, 1872, 426, 2534, 1109, 1691, 1442, 1157, 880, 2083, 256, 537, 356, 307, 639, 907, 1967, 1359, 1832, 793, 713, 718, 0, 1845, 457, 2378, 1804, 1506, 1261, 1615, 1239, 1329, 805, 585, 2636, 1327, 1795, 1120, 935, 547, 1054, 1700, 1748, 1293, 2655, 918, 553, 1112], [2697, 1461, 2110, 1180, 951, 3149, 3056, 2982, 2726, 468, 1957, 2218, 1567, 1570, 2402, 2538, 3266, 2992, 3254, 2203, 1476, 2440, 1845, 0, 1388, 1038, 3174, 3062, 1315, 3027, 3013, 876, 2446, 1727, 872, 2898, 3242, 2951, 943, 2389, 2193, 649, 3057, 2997, 827, 2636, 1821, 837], [1318, 1588, 775, 2129, 714, 2001, 1806, 1603, 1337, 1636, 606, 899, 269, 213, 1053, 1254, 2227, 1729, 2133, 1027, 544, 1105, 457, 1388, 0, 1969, 2085, 1849, 991, 1904, 1667, 946, 1160, 597, 2185, 1670, 2104, 1572, 496, 1003, 1176, 1279, 2004, 1692, 2198, 1316, 653, 682], [3094, 935, 2476, 163, 1268, 3943, 3774, 3357, 3198, 575, 2572, 2868, 2221, 2070, 3011, 2771, 4122, 3697, 4065, 2961, 2281, 2759, 2378, 1038, 1969, 0, 4002, 3810, 1276, 3835, 3617, 1850, 3129, 2001, 696, 3633, 4043, 3477, 1706, 2905, 2233, 692, 3902, 3658, 912, 3282, 2566, 1288], [1765, 3658, 2021, 4165, 2793, 186, 560, 1811, 1531, 3565, 1551, 1272, 1815, 2066, 1251, 2238, 188, 628, 117, 1057, 1726, 2031, 1804, 3174, 2085, 4002, 0, 426, 3048, 192, 1026, 2325, 1017, 2382, 4046, 550, 155, 1313, 2302, 1517, 2725, 3313, 142, 805, 3977, 1005, 1444, 2731], [1350, 3379, 1662, 3971, 2563, 244, 135, 1385, 1116, 3417, 1268, 970, 1589, 1793, 898, 1835, 613, 204, 383, 861, 1586, 1636, 1506, 3062, 1849, 3810, 426, 0, 2768, 283, 600, 2258, 701, 2061, 3928, 179, 331, 887, 2144, 1142, 2353, 3117, 484, 379, 3884, 627, 1254, 2523], [1847, 611, 1242, 1409, 460, 2946, 2703, 2098, 1979, 1244, 1503, 1797, 1256, 981, 1892, 1495, 3200, 2619, 3085, 1998, 1498, 1497, 1261, 1315, 991, 1276, 3048, 2768, 0, 2862, 2458, 1521, 2066, 762, 1770, 2588, 3051, 2276, 1079, 1725, 972, 766, 2978, 2543, 1888, 2174, 1641, 617], [1586, 3472, 1829, 3997, 2615, 134, 415, 1646, 1353, 3408, 1362, 1081, 1636, 1880, 1059, 2052, 373, 469, 230, 879, 1566, 1844, 1615, 3027, 1904, 3835, 192, 283, 2862, 0, 872, 2190, 825, 2191, 3899, 370, 215, 1151, 2140, 1327, 2534, 3143, 203, 649, 3837, 818, 1270, 2558], [799, 3056, 1247, 3773, 2348, 843, 466, 790, 570, 3302, 1064, 796, 1449, 1546, 615, 1304, 1212, 402, 973, 925, 1590, 1131, 1239, 3013, 1667, 3617, 1026, 600, 2458, 872, 0, 2313, 603, 1705, 3845, 523, 917, 294, 2070, 734, 1880, 2937, 1075, 223, 3839, 390, 1227, 2345], [2192, 1948, 1712, 2006, 1062, 2317, 2272, 2471, 2153, 1319, 1336, 1532, 978, 1159, 1737, 2197, 2405, 2217, 2412, 1424, 724, 2035, 1329, 876, 946, 1850, 2325, 2258, 1521, 2190, 2313, 0, 1714, 1505, 1738, 2107, 2405, 2315, 495, 1809, 2078, 1251, 2202, 2254, 1653, 1922, 1085, 909], [894, 2677, 1008, 3289, 1872, 890, 646, 1063, 700, 2766, 567, 269, 911, 1092, 253, 1288, 1192, 568, 1033, 334, 995, 1067, 805, 2446, 1160, 3129, 1017, 701, 2066, 825, 603, 1714, 0, 1369, 3296, 521, 994, 685, 1506, 536, 1717, 2438, 983, 550, 3274, 214, 633, 1841], [1094, 1350, 480, 2145, 808, 2260, 1983, 1356, 1217, 1834, 842, 1110, 759, 427, 1166, 816, 2549, 1897, 2403, 1377, 1117, 761, 585, 1727, 597, 2001, 2382, 2061, 762, 2191, 1705, 1505, 1369, 0, 2392, 1884, 2364, 1514, 1016, 971, 580, 1383, 2331, 1805, 2462, 1447, 1096, 892], [3446, 1584, 2834, 720, 1587, 4020, 3917, 3725, 3507, 560, 2781, 3056, 2396, 2340, 3230, 3204, 4137, 3850, 4127, 3067, 2342, 3148, 2636, 872, 2185, 696, 4046, 3928, 1770, 3899, 3845, 1738, 3296, 2392, 0, 3761, 4114, 3756, 1790, 3183, 2740, 1018, 3929, 3845, 235, 3477, 2679, 1536], [1216, 3199, 1493, 3794, 2384, 389, 168, 1280, 983, 3246, 1088, 790, 1412, 1613, 725, 1688, 737, 147, 535, 694, 1422, 1483, 1327, 2898, 1670, 3633, 550, 179, 2588, 370, 523, 2107, 521, 1884, 3761, 0, 488, 788, 1974, 977, 2189, 2940, 568, 307, 3722, 461, 1083, 2345], [1682, 3662, 1981, 4206, 2817, 104, 456, 1708, 1447, 3621, 1547, 1258, 1837, 2070, 1212, 2166, 308, 534, 56, 1083, 1779, 1966, 1795, 3242, 2104, 4043, 155, 331, 3051, 215, 917, 2405, 994, 2364, 4114, 488, 0, 1210, 2352, 1466, 2677, 3351, 287, 702, 4053, 949, 1477, 2763], [520, 2860, 1039, 3630, 2216, 1131, 755, 498, 310, 3204, 999, 787, 1388, 1422, 579, 1028, 1500, 685, 1265, 1017, 1594, 873, 1120, 2951, 1572, 3477, 1313, 887, 2276, 1151, 294, 2315, 685, 1514, 3756, 788, 1210, 0, 2015, 575, 1625, 2812, 1353, 508, 3769, 486, 1241, 2231], [1807, 1579, 1270, 1869, 641, 2254, 2128, 2091, 1807, 1272, 1017, 1274, 627, 706, 1460, 1744, 2416, 2060, 2370, 1283, 576, 1601, 935, 943, 496, 1706, 2302, 2144, 1079, 2140, 2070, 495, 1506, 1016, 1790, 1974, 2352, 2015, 0, 1464, 1584, 1027, 2198, 2057, 1770, 1693, 891, 511], [425, 2321, 526, 3058, 1641, 1367, 1044, 676, 345, 2629, 474, 407, 844, 846, 282, 752, 1700, 957, 1513, 755, 1111, 530, 547, 2389, 1003, 2905, 1517, 1142, 1725, 1327, 734, 1809, 536, 971, 3183, 977, 1466, 575, 1464, 0, 1211, 2236, 1502, 843, 3201, 516, 799, 1655], [1113, 1396, 710, 2354, 1241, 2578, 2251, 1292, 1317, 2204, 1288, 1493, 1312, 993, 1474, 634, 2905, 2164, 2724, 1815, 1682, 752, 1054, 2193, 1176, 2233, 2725, 2353, 972, 2534, 1880, 2078, 1717, 580, 2740, 2189, 2677, 1625, 1584, 1211, 0, 1727, 2700, 2034, 2848, 1727, 1605, 1365], [2459, 812, 1840, 854, 596, 3251, 3082, 2731, 2543, 478, 1885, 2178, 1529, 1393, 2327, 2189, 3436, 3006, 3374, 2269, 1597, 2144, 1700, 649, 1279, 692, 3313, 3117, 766, 3143, 2937, 1251, 2438, 1383, 1018, 2940, 3351, 2812, 1027, 2236, 1727, 0, 3215, 2971, 1123, 2595, 1874, 596], [1779, 3585, 1991, 4065, 2706, 278, 618, 1847, 1548, 3455, 1492, 1224, 1734, 1998, 1227, 2237, 223, 672, 258, 979, 1622, 2025, 1748, 3057, 2004, 3902, 142, 484, 2978, 203, 1075, 2202, 983, 2331, 3929, 568, 287, 1353, 2198, 1502, 2700, 3215, 0, 852, 3855, 1001, 1356, 2639], [987, 3148, 1369, 3817, 2393, 623, 246, 1007, 753, 3312, 1086, 794, 1454, 1597, 653, 1484, 992, 179, 757, 833, 1541, 1297, 1293, 2997, 1692, 3658, 805, 379, 2543, 649, 223, 2254, 550, 1805, 3845, 307, 702, 508, 2057, 843, 2034, 2971, 852, 0, 3825, 376, 1181, 2375], [3488, 1764, 2884, 950, 1653, 3962, 3881, 3770, 3533, 644, 2780, 3044, 2391, 2367, 3227, 3278, 4058, 3818, 4062, 3027, 2299, 3206, 2655, 827, 2198, 912, 3977, 3884, 1888, 3837, 3839, 1653, 3274, 2462, 235, 3722, 4053, 3769, 1770, 3201, 2848, 1123, 3855, 3825, 0, 3463, 2647, 1581], [787, 2782, 1035, 3441, 2016, 851, 537, 910, 567, 2940, 709, 421, 1082, 1221, 282, 1235, 1191, 450, 996, 546, 1200, 1025, 918, 2636, 1316, 3282, 1005, 627, 2174, 818, 390, 1922, 214, 1447, 3477, 461, 949, 486, 1693, 516, 1727, 2595, 1001, 376, 3463, 0, 837, 1998], [1221, 2241, 961, 2729, 1350, 1376, 1237, 1474, 1122, 2162, 366, 453, 385, 693, 662, 1411, 1579, 1171, 1501, 395, 362, 1198, 553, 1821, 653, 2566, 1444, 1254, 1641, 1270, 1227, 1085, 633, 1096, 2679, 1083, 1477, 1241, 891, 799, 1605, 1874, 1356, 1181, 2647, 837, 0, 1287], [1911, 1069, 1303, 1449, 157, 2662, 2486, 2191, 1973, 977, 1289, 1582, 933, 809, 1733, 1707, 2861, 2409, 2788, 1680, 1039, 1625, 1112, 837, 682, 1288, 2731, 2523, 617, 2558, 2345, 909, 1841, 892, 1536, 2345, 2763, 2231, 511, 1655, 1365, 596, 2639, 2375, 1581, 1998, 1287, 0]]
CS = [['Montgomery', 'Atlanta', 'Tallahassee', 'Jackson', 'Nashville', 'Baton Rouge', 'Columbia', 'Little Rock', 'Frankfort', 'Charleston', 'Raleigh', 'Indianapolis', 'Jefferson City', 'Springfield', 'Columbus', 'Richmond', 'Oklahoma City', 'Austin', 'Topeka', 'Annapolis', 'Lansing', 'Des Moines', 'Harrisburg', 'Madison', 'Dover', 'Lincoln', 'Trenton', 'Saint Paul', 'Albany', 'Hartford', 'Providence', 'Boston', 'Concord', 'Montpelier', 'Pierre', 'Santa Fe', 'Denver', 'Cheyenne', 'Augusta', 'Bismarck', 'Phoenix', 'Salt Lake City', 'Helana', 'Boise', 'Carson City', 'Sacramento', 'Salem', 'Olympia'], ['Phoenix', 'Santa Fe', 'Salt Lake City', 'Carson City', 'Denver', 'Sacramento', 'Cheyenne', 'Boise', 'Oklahoma City', 'Austin', 'Helana', 'Pierre', 'Salem', 'Lincoln', 'Topeka', 'Olympia', 'Little Rock', 'Des Moines', 'Jefferson City', 'Bismarck', 'Baton Rouge', 'Jackson', 'Saint Paul', 'Springfield', 'Madison', 'Nashville', 'Montgomery', 'Indianapolis', 'Frankfort', 'Atlanta', 'Lansing', 'Tallahassee', 'Columbus', 'Charleston', 'Columbia', 'Raleigh', 'Richmond', 'Harrisburg', 'Annapolis', 'Dover', 'Trenton', 'Albany', 'Hartford', 'Montpelier', 'Concord', 'Providence', 'Boston', 'Augusta'], ['Little Rock', 'Jackson', 'Jefferson City', 'Oklahoma City', 'Baton Rouge', 'Nashville', 'Topeka', 'Springfield', 'Montgomery', 'Austin', 'Atlanta', 'Des Moines', 'Frankfort', 'Lincoln', 'Indianapolis', 'Tallahassee', 'Madison', 'Columbus', 'Charleston', 'Columbia', 'Lansing', 'Saint Paul', 'Santa Fe', 'Raleigh', 'Denver', 'Pierre', 'Cheyenne', 'Richmond', 'Annapolis', 'Harrisburg', 'Dover', 'Trenton', 'Bismarck', 'Phoenix', 'Albany', 'Salt Lake City', 'Hartford', 'Providence', 'Montpelier', 'Concord', 'Boston', 'Helana', 'Augusta', 'Boise', 'Carson City', 'Sacramento', 'Salem', 'Olympia'], ['Sacramento', 'Carson City', 'Boise', 'Salem', 'Salt Lake City', 'Olympia', 'Phoenix', 'Helana', 'Santa Fe', 'Denver', 'Cheyenne', 'Pierre', 'Bismarck', 'Lincoln', 'Oklahoma City', 'Topeka', 'Austin', 'Des Moines', 'Saint Paul', 'Jefferson City', 'Little Rock', 'Madison', 'Springfield', 'Jackson', 'Baton Rouge', 'Indianapolis', 'Nashville', 'Lansing', 'Frankfort', 'Montgomery', 'Columbus', 'Atlanta', 'Charleston', 'Tallahassee', 'Columbia', 'Raleigh', 'Harrisburg', 'Richmond', 'Annapolis', 'Dover', 'Trenton', 'Albany', 'Montpelier', 'Hartford', 'Concord', 'Providence', 'Boston', 'Augusta'], ['Denver', 'Cheyenne', 'Santa Fe', 'Salt Lake City', 'Pierre', 'Lincoln', 'Topeka', 'Oklahoma City', 'Phoenix', 'Helana', 'Des Moines', 'Boise', 'Bismarck', 'Jefferson City', 'Saint Paul', 'Austin', 'Little Rock', 'Carson City', 'Springfield', 'Madison', 'Sacramento', 'Jackson', 'Salem', 'Indianapolis', 'Baton Rouge', 'Nashville', 'Olympia', 'Lansing', 'Frankfort', 'Montgomery', 'Columbus', 'Atlanta', 'Charleston', 'Tallahassee', 'Columbia', 'Raleigh', 'Harrisburg', 'Richmond', 'Annapolis', 'Dover', 'Trenton', 'Albany', 'Montpelier', 'Hartford', 'Concord', 'Providence', 'Boston', 'Augusta'], ['Hartford', 'Providence', 'Albany', 'Boston', 'Concord', 'Trenton', 'Montpelier', 'Augusta', 'Dover', 'Harrisburg', 'Annapolis', 'Richmond', 'Raleigh', 'Charleston', 'Columbus', 'Lansing', 'Frankfort', 'Columbia', 'Indianapolis', 'Atlanta', 'Nashville', 'Madison', 'Springfield', 'Montgomery', 'Tallahassee', 'Saint Paul', 'Jefferson City', 'Des Moines', 'Jackson', 'Little Rock', 'Topeka', 'Lincoln', 'Baton Rouge', 'Pierre', 'Oklahoma City', 'Bismarck', 'Austin', 'Cheyenne', 'Denver', 'Santa Fe', 'Helana', 'Salt Lake City', 'Boise', 'Phoenix', 'Carson City', 'Olympia', 'Salem', 'Sacramento'], ['Dover', 'Annapolis', 'Trenton', 'Harrisburg', 'Richmond', 'Hartford', 'Albany', 'Providence', 'Raleigh', 'Boston', 'Charleston', 'Concord', 'Montpelier', 'Columbus', 'Augusta', 'Columbia', 'Frankfort', 'Lansing', 'Indianapolis', 'Atlanta', 'Nashville', 'Springfield', 'Montgomery', 'Madison', 'Tallahassee', 'Jefferson City', 'Jackson', 'Des Moines', 'Little Rock', 'Saint Paul', 'Baton Rouge', 'Topeka', 'Lincoln', 'Oklahoma City', 'Pierre', 'Austin', 'Bismarck', 'Cheyenne', 'Denver', 'Santa Fe', 'Helana', 'Salt Lake City', 'Phoenix', 'Boise', 'Carson City', 'Olympia', 'Salem', 'Sacramento'], ['Tallahassee', 'Montgomery', 'Atlanta', 'Columbia', 'Jackson', 'Baton Rouge', 'Nashville', 'Raleigh', 'Frankfort', 'Little Rock', 'Charleston', 'Richmond', 'Indianapolis', 'Columbus', 'Springfield', 'Jefferson City', 'Annapolis', 'Dover', 'Harrisburg', 'Austin', 'Oklahoma City', 'Lansing', 'Trenton', 'Topeka', 'Madison', 'Des Moines', 'Lincoln', 'Hartford', 'Albany', 'Providence', 'Boston', 'Saint Paul', 'Concord', 'Montpelier', 'Augusta', 'Pierre', 'Santa Fe', 'Denver', 'Cheyenne', 'Bismarck', 'Phoenix', 'Salt Lake City', 'Helana', 'Boise', 'Carson City', 'Sacramento', 'Salem', 'Olympia'], ['Atlanta', 'Montgomery', 'Columbia', 'Nashville', 'Tallahassee', 'Frankfort', 'Jackson', 'Charleston', 'Raleigh', 'Indianapolis', 'Columbus', 'Baton Rouge', 'Little Rock', 'Richmond', 'Springfield', 'Jefferson City', 'Annapolis', 'Harrisburg', 'Dover', 'Lansing', 'Trenton', 'Madison', 'Topeka', 'Des Moines', 'Oklahoma City', 'Austin', 'Lincoln', 'Albany', 'Hartford', 'Providence', 'Saint Paul', 'Boston', 'Concord', 'Montpelier', 'Augusta', 'Pierre', 'Denver', 'Cheyenne', 'Santa Fe', 'Bismarck', 'Salt Lake City', 'Phoenix', 'Helana', 'Boise', 'Carson City', 'Sacramento', 'Salem', 'Olympia'], ['Boise', 'Helana', 'Salt Lake City', 'Salem', 'Carson City', 'Olympia', 'Sacramento', 'Cheyenne', 'Denver', 'Phoenix', 'Santa Fe', 'Pierre', 'Bismarck', 'Lincoln', 'Topeka', 'Oklahoma City', 'Saint Paul', 'Des Moines', 'Jefferson City', 'Madison', 'Austin', 'Springfield', 'Little Rock', 'Indianapolis', 'Lansing', 'Jackson', 'Nashville', 'Baton Rouge', 'Frankfort', 'Columbus', 'Montgomery', 'Charleston', 'Atlanta', 'Tallahassee', 'Columbia', 'Harrisburg', 'Raleigh', 'Richmond', 'Annapolis', 'Dover', 'Albany', 'Trenton', 'Montpelier', 'Hartford', 'Concord', 'Providence', 'Boston', 'Augusta'], ['Springfield', 'Jefferson City', 'Indianapolis', 'Madison', 'Des Moines', 'Frankfort', 'Nashville', 'Topeka', 'Lansing', 'Columbus', 'Lincoln', 'Little Rock', 'Saint Paul', 'Charleston', 'Atlanta', 'Jackson', 'Oklahoma City', 'Montgomery', 'Columbia', 'Pierre', 'Baton Rouge', 'Raleigh', 'Richmond', 'Harrisburg', 'Annapolis', 'Tallahassee', 'Dover', 'Trenton', 'Austin', 'Cheyenne', 'Denver', 'Bismarck', 'Albany', 'Hartford', 'Montpelier', 'Santa Fe', 'Providence', 'Concord', 'Boston', 'Augusta', 'Salt Lake City', 'Helana', 'Phoenix', 'Boise', 'Carson City', 'Sacramento', 'Olympia', 'Salem'], ['Indianapolis', 'Frankfort', 'Columbus', 'Springfield', 'Lansing', 'Nashville', 'Charleston', 'Madison', 'Jefferson City', 'Des Moines', 'Atlanta', 'Little Rock', 'Columbia', 'Harrisburg', 'Richmond', 'Raleigh', 'Saint Paul', 'Topeka', 'Montgomery', 'Annapolis', 'Lincoln', 'Jackson', 'Dover', 'Trenton', 'Tallahassee', 'Albany', 'Oklahoma City', 'Baton Rouge', 'Hartford', 'Montpelier', 'Providence', 'Concord', 'Pierre', 'Boston', 'Augusta', 'Austin', 'Bismarck', 'Cheyenne', 'Denver', 'Santa Fe', 'Salt Lake City', 'Helana', 'Phoenix', 'Boise', 'Carson City', 'Sacramento', 'Olympia', 'Salem'], ['Des Moines', 'Lincoln', 'Topeka', 'Jefferson City', 'Saint Paul', 'Madison', 'Springfield', 'Pierre', 'Indianapolis', 'Lansing', 'Oklahoma City', 'Little Rock', 'Frankfort', 'Nashville', 'Columbus', 'Cheyenne', 'Bismarck', 'Denver', 'Jackson', 'Charleston', 'Atlanta', 'Montgomery', 'Santa Fe', 'Baton Rouge', 'Austin', 'Columbia', 'Harrisburg', 'Raleigh', 'Richmond', 'Annapolis', 'Tallahassee', 'Salt Lake City', 'Dover', 'Helana', 'Trenton', 'Albany', 'Montpelier', 'Hartford', 'Concord', 'Providence', 'Phoenix', 'Boise', 'Boston', 'Augusta', 'Carson City', 'Sacramento', 'Olympia', 'Salem'], ['Topeka', 'Lincoln', 'Jefferson City', 'Des Moines', 'Oklahoma City', 'Springfield', 'Little Rock', 'Saint Paul', 'Madison', 'Pierre', 'Denver', 'Cheyenne', 'Indianapolis', 'Nashville', 'Jackson', 'Frankfort', 'Santa Fe', 'Austin', 'Lansing', 'Baton Rouge', 'Columbus', 'Montgomery', 'Bismarck', 'Atlanta', 'Charleston', 'Salt Lake City', 'Tallahassee', 'Columbia', 'Raleigh', 'Helana', 'Phoenix', 'Richmond', 'Harrisburg', 'Annapolis', 'Dover', 'Boise', 'Trenton', 'Albany', 'Hartford', 'Montpelier', 'Concord', 'Carson City', 'Providence', 'Boston', 'Augusta', 'Sacramento', 'Salem', 'Olympia'], ['Frankfort', 'Indianapolis', 'Columbus', 'Nashville', 'Charleston', 'Springfield', 'Atlanta', 'Lansing', 'Columbia', 'Raleigh', 'Jefferson City', 'Richmond', 'Montgomery', 'Madison', 'Harrisburg', 'Annapolis', 'Little Rock', 'Jackson', 'Dover', 'Des Moines', 'Tallahassee', 'Trenton', 'Topeka', 'Saint Paul', 'Baton Rouge', 'Lincoln', 'Albany', 'Hartford', 'Oklahoma City', 'Providence', 'Montpelier', 'Concord', 'Boston', 'Augusta', 'Pierre', 'Austin', 'Cheyenne', 'Bismarck', 'Denver', 'Santa Fe', 'Salt Lake City', 'Helana', 'Phoenix', 'Boise', 'Carson City', 'Sacramento', 'Olympia', 'Salem'], ['Baton Rouge', 'Jackson', 'Little Rock', 'Montgomery', 'Austin', 'Tallahassee', 'Atlanta', 'Nashville', 'Oklahoma City', 'Jefferson City', 'Columbia', 'Frankfort', 'Topeka', 'Springfield', 'Indianapolis', 'Charleston', 'Lincoln', 'Des Moines', 'Columbus', 'Raleigh', 'Madison', 'Richmond', 'Lansing', 'Santa Fe', 'Saint Paul', 'Denver', 'Annapolis', 'Harrisburg', 'Cheyenne', 'Dover', 'Pierre', 'Trenton', 'Phoenix', 'Albany', 'Hartford', 'Providence', 'Salt Lake City', 'Bismarck', 'Boston', 'Montpelier', 'Concord', 'Augusta', 'Helana', 'Boise', 'Carson City', 'Sacramento', 'Salem', 'Olympia'], ['Augusta', 'Concord', 'Montpelier', 'Boston', 'Providence', 'Hartford', 'Albany', 'Trenton', 'Harrisburg', 'Dover', 'Annapolis', 'Richmond', 'Charleston', 'Columbus', 'Lansing', 'Raleigh', 'Frankfort', 'Indianapolis', 'Columbia', 'Madison', 'Nashville', 'Springfield', 'Atlanta', 'Saint Paul', 'Montgomery', 'Des Moines', 'Jefferson City', 'Tallahassee', 'Little Rock', 'Jackson', 'Topeka', 'Lincoln', 'Bismarck', 'Pierre', 'Baton Rouge', 'Oklahoma City', 'Cheyenne', 'Austin', 'Denver', 'Santa Fe', 'Helana', 'Salt Lake City', 'Boise', 'Phoenix', 'Olympia', 'Carson City', 'Salem', 'Sacramento'], ['Annapolis', 'Dover', 'Harrisburg', 'Richmond', 'Trenton', 'Raleigh', 'Hartford', 'Charleston', 'Albany', 'Providence', 'Columbus', 'Boston', 'Concord', 'Montpelier', 'Columbia', 'Frankfort', 'Lansing', 'Augusta', 'Indianapolis', 'Atlanta', 'Nashville', 'Springfield', 'Montgomery', 'Madison', 'Tallahassee', 'Jefferson City', 'Jackson', 'Des Moines', 'Little Rock', 'Saint Paul', 'Baton Rouge', 'Topeka', 'Lincoln', 'Oklahoma City', 'Pierre', 'Austin', 'Bismarck', 'Cheyenne', 'Denver', 'Santa Fe', 'Helana', 'Salt Lake City', 'Phoenix', 'Boise', 'Carson City', 'Olympia', 'Salem', 'Sacramento'], ['Boston', 'Providence', 'Concord', 'Hartford', 'Albany', 'Augusta', 'Montpelier', 'Trenton', 'Dover', 'Harrisburg', 'Annapolis', 'Richmond', 'Raleigh', 'Charleston', 'Columbus', 'Lansing', 'Frankfort', 'Columbia', 'Indianapolis', 'Atlanta', 'Madison', 'Nashville', 'Springfield', 'Montgomery', 'Tallahassee', 'Saint Paul', 'Jefferson City', 'Des Moines', 'Jackson', 'Little Rock', 'Topeka', 'Lincoln', 'Baton Rouge', 'Pierre', 'Oklahoma City', 'Bismarck', 'Austin', 'Cheyenne', 'Denver', 'Santa Fe', 'Helana', 'Salt Lake City', 'Boise', 'Phoenix', 'Olympia', 'Carson City', 'Salem', 'Sacramento'], ['Lansing', 'Columbus', 'Indianapolis', 'Madison', 'Frankfort', 'Springfield', 'Charleston', 'Harrisburg', 'Saint Paul', 'Nashville', 'Des Moines', 'Jefferson City', 'Annapolis', 'Richmond', 'Dover', 'Trenton', 'Albany', 'Raleigh', 'Montpelier', 'Hartford', 'Atlanta', 'Columbia', 'Topeka', 'Lincoln', 'Concord', 'Providence', 'Boston', 'Little Rock', 'Montgomery', 'Augusta', 'Jackson', 'Pierre', 'Tallahassee', 'Oklahoma City', 'Bismarck', 'Baton Rouge', 'Cheyenne', 'Denver', 'Austin', 'Santa Fe', 'Helana', 'Salt Lake City', 'Boise', 'Phoenix', 'Carson City', 'Olympia', 'Salem', 'Sacramento'], ['Saint Paul', 'Madison', 'Des Moines', 'Lincoln', 'Pierre', 'Springfield', 'Topeka', 'Jefferson City', 'Bismarck', 'Lansing', 'Indianapolis', 'Columbus', 'Frankfort', 'Cheyenne', 'Nashville', 'Oklahoma City', 'Denver', 'Little Rock', 'Charleston', 'Harrisburg', 'Jackson', 'Atlanta', 'Helana', 'Santa Fe', 'Montgomery', 'Annapolis', 'Richmond', 'Albany', 'Dover', 'Trenton', 'Raleigh', 'Columbia', 'Salt Lake City', 'Baton Rouge', 'Montpelier', 'Austin', 'Hartford', 'Concord', 'Providence', 'Tallahassee', 'Boston', 'Augusta', 'Boise', 'Phoenix', 'Carson City', 'Olympia', 'Salem', 'Sacramento'], ['Jackson', 'Baton Rouge', 'Little Rock', 'Montgomery', 'Nashville', 'Atlanta', 'Tallahassee', 'Jefferson City', 'Austin', 'Oklahoma City', 'Frankfort', 'Springfield', 'Columbia', 'Topeka', 'Indianapolis', 'Charleston', 'Columbus', 'Des Moines', 'Lincoln', 'Raleigh', 'Madison', 'Lansing', 'Richmond', 'Saint Paul', 'Annapolis', 'Harrisburg', 'Santa Fe', 'Dover', 'Denver', 'Pierre', 'Cheyenne', 'Trenton', 'Albany', 'Hartford', 'Providence', 'Boston', 'Montpelier', 'Concord', 'Bismarck', 'Phoenix', 'Salt Lake City', 'Augusta', 'Helana', 'Boise', 'Carson City', 'Sacramento', 'Salem', 'Olympia'], ['Jefferson City', 'Springfield', 'Topeka', 'Des Moines', 'Little Rock', 'Lincoln', 'Indianapolis', 'Nashville', 'Madison', 'Oklahoma City', 'Frankfort', 'Saint Paul', 'Jackson', 'Lansing', 'Columbus', 'Montgomery', 'Atlanta', 'Baton Rouge', 'Charleston', 'Pierre', 'Austin', 'Denver', 'Cheyenne', 'Columbia', 'Tallahassee', 'Raleigh', 'Santa Fe', 'Richmond', 'Harrisburg', 'Bismarck', 'Annapolis', 'Dover', 'Trenton', 'Albany', 'Hartford', 'Salt Lake City', 'Montpelier', 'Providence', 'Concord', 'Boston', 'Helana', 'Phoenix', 'Augusta', 'Boise', 'Carson City', 'Sacramento', 'Salem', 'Olympia'], ['Helana', 'Boise', 'Salt Lake City', 'Olympia', 'Cheyenne', 'Salem', 'Bismarck', 'Pierre', 'Denver', 'Carson City', 'Sacramento', 'Santa Fe', 'Lincoln', 'Phoenix', 'Saint Paul', 'Des Moines', 'Topeka', 'Oklahoma City', 'Madison', 'Jefferson City', 'Springfield', 'Little Rock', 'Austin', 'Lansing', 'Indianapolis', 'Nashville', 'Frankfort', 'Jackson', 'Columbus', 'Baton Rouge', 'Charleston', 'Montgomery', 'Atlanta', 'Harrisburg', 'Columbia', 'Tallahassee', 'Annapolis', 'Richmond', 'Raleigh', 'Albany', 'Dover', 'Montpelier', 'Trenton', 'Hartford', 'Concord', 'Providence', 'Boston', 'Augusta'], ['Lincoln', 'Topeka', 'Des Moines', 'Jefferson City', 'Pierre', 'Saint Paul', 'Oklahoma City', 'Springfield', 'Madison', 'Cheyenne', 'Denver', 'Little Rock', 'Indianapolis', 'Bismarck', 'Santa Fe', 'Nashville', 'Lansing', 'Frankfort', 'Jackson', 'Columbus', 'Austin', 'Baton Rouge', 'Salt Lake City', 'Charleston', 'Montgomery', 'Atlanta', 'Helana', 'Columbia', 'Phoenix', 'Tallahassee', 'Boise', 'Raleigh', 'Harrisburg', 'Richmond', 'Annapolis', 'Dover', 'Trenton', 'Albany', 'Carson City', 'Hartford', 'Montpelier', 'Concord', 'Providence', 'Sacramento', 'Boston', 'Salem', 'Olympia', 'Augusta'], ['Carson City', 'Sacramento', 'Boise', 'Salt Lake City', 'Salem', 'Olympia', 'Phoenix', 'Helana', 'Denver', 'Santa Fe', 'Cheyenne', 'Pierre', 'Bismarck', 'Lincoln', 'Oklahoma City', 'Topeka', 'Des Moines', 'Austin', 'Saint Paul', 'Jefferson City', 'Little Rock', 'Madison', 'Springfield', 'Jackson', 'Baton Rouge', 'Indianapolis', 'Nashville', 'Lansing', 'Frankfort', 'Montgomery', 'Columbus', 'Atlanta', 'Charleston', 'Tallahassee', 'Columbia', 'Raleigh', 'Harrisburg', 'Richmond', 'Annapolis', 'Dover', 'Trenton', 'Albany', 'Montpelier', 'Hartford', 'Concord', 'Providence', 'Boston', 'Augusta'], ['Concord', 'Boston', 'Montpelier', 'Providence', 'Hartford', 'Augusta', 'Albany', 'Trenton', 'Harrisburg', 'Dover', 'Annapolis', 'Richmond', 'Charleston', 'Columbus', 'Raleigh', 'Lansing', 'Frankfort', 'Indianapolis', 'Columbia', 'Madison', 'Nashville', 'Atlanta', 'Springfield', 'Saint Paul', 'Montgomery', 'Jefferson City', 'Tallahassee', 'Des Moines', 'Little Rock', 'Jackson', 'Topeka', 'Lincoln', 'Baton Rouge', 'Pierre', 'Bismarck', 'Oklahoma City', 'Austin', 'Cheyenne', 'Denver', 'Santa Fe', 'Helana', 'Salt Lake City', 'Boise', 'Phoenix', 'Olympia', 'Carson City', 'Salem', 'Sacramento'], ['Trenton', 'Dover', 'Harrisburg', 'Annapolis', 'Hartford', 'Albany', 'Providence', 'Richmond', 'Boston', 'Concord', 'Montpelier', 'Raleigh', 'Augusta', 'Charleston', 'Columbus', 'Lansing', 'Columbia', 'Frankfort', 'Indianapolis', 'Atlanta', 'Nashville', 'Madison', 'Springfield', 'Montgomery', 'Tallahassee', 'Jefferson City', 'Saint Paul', 'Des Moines', 'Jackson', 'Little Rock', 'Topeka', 'Baton Rouge', 'Lincoln', 'Oklahoma City', 'Pierre', 'Bismarck', 'Austin', 'Cheyenne', 'Denver', 'Santa Fe', 'Helana', 'Salt Lake City', 'Phoenix', 'Boise', 'Carson City', 'Olympia', 'Salem', 'Sacramento'], ['Santa Fe', 'Denver', 'Phoenix', 'Cheyenne', 'Oklahoma City', 'Salt Lake City', 'Austin', 'Topeka', 'Lincoln', 'Pierre', 'Little Rock', 'Boise', 'Des Moines', 'Jefferson City', 'Carson City', 'Helana', 'Sacramento', 'Baton Rouge', 'Jackson', 'Saint Paul', 'Springfield', 'Bismarck', 'Madison', 'Nashville', 'Salem', 'Indianapolis', 'Montgomery', 'Olympia', 'Frankfort', 'Atlanta', 'Lansing', 'Columbus', 'Tallahassee', 'Charleston', 'Columbia', 'Raleigh', 'Richmond', 'Harrisburg', 'Annapolis', 'Dover', 'Trenton', 'Albany', 'Hartford', 'Montpelier', 'Concord', 'Providence', 'Boston', 'Augusta'], ['Albany', 'Hartford', 'Concord', 'Montpelier', 'Providence', 'Boston', 'Trenton', 'Harrisburg', 'Augusta', 'Dover', 'Annapolis', 'Richmond', 'Charleston', 'Columbus', 'Raleigh', 'Lansing', 'Frankfort', 'Indianapolis', 'Columbia', 'Madison', 'Nashville', 'Atlanta', 'Springfield', 'Saint Paul', 'Montgomery', 'Jefferson City', 'Des Moines', 'Tallahassee', 'Little Rock', 'Jackson', 'Topeka', 'Lincoln', 'Baton Rouge', 'Pierre', 'Bismarck', 'Oklahoma City', 'Austin', 'Cheyenne', 'Denver', 'Santa Fe', 'Helana', 'Salt Lake City', 'Boise', 'Phoenix', 'Carson City', 'Olympia', 'Salem', 'Sacramento'], ['Raleigh', 'Richmond', 'Columbia', 'Charleston', 'Annapolis', 'Dover', 'Harrisburg', 'Atlanta', 'Trenton', 'Columbus', 'Frankfort', 'Nashville', 'Tallahassee', 'Indianapolis', 'Montgomery', 'Hartford', 'Albany', 'Providence', 'Lansing', 'Boston', 'Concord', 'Springfield', 'Montpelier', 'Jackson', 'Augusta', 'Madison', 'Jefferson City', 'Little Rock', 'Baton Rouge', 'Des Moines', 'Topeka', 'Saint Paul', 'Lincoln', 'Oklahoma City', 'Austin', 'Pierre', 'Bismarck', 'Cheyenne', 'Denver', 'Santa Fe', 'Salt Lake City', 'Helana', 'Phoenix', 'Boise', 'Carson City', 'Sacramento', 'Olympia', 'Salem'], ['Bismarck', 'Pierre', 'Saint Paul', 'Helana', 'Cheyenne', 'Lincoln', 'Des Moines', 'Denver', 'Madison', 'Topeka', 'Salt Lake City', 'Boise', 'Jefferson City', 'Springfield', 'Lansing', 'Oklahoma City', 'Santa Fe', 'Indianapolis', 'Olympia', 'Little Rock', 'Columbus', 'Frankfort', 'Salem', 'Nashville', 'Carson City', 'Charleston', 'Phoenix', 'Sacramento', 'Jackson', 'Austin', 'Harrisburg', 'Atlanta', 'Albany', 'Montgomery', 'Baton Rouge', 'Montpelier', 'Annapolis', 'Richmond', 'Trenton', 'Dover', 'Raleigh', 'Columbia', 'Hartford', 'Concord', 'Augusta', 'Providence', 'Boston', 'Tallahassee'], ['Columbus', 'Charleston', 'Frankfort', 'Indianapolis', 'Lansing', 'Harrisburg', 'Nashville', 'Richmond', 'Springfield', 'Annapolis', 'Raleigh', 'Madison', 'Dover', 'Columbia', 'Atlanta', 'Trenton', 'Jefferson City', 'Albany', 'Hartford', 'Montgomery', 'Des Moines', 'Montpelier', 'Providence', 'Saint Paul', 'Little Rock', 'Concord', 'Boston', 'Tallahassee', 'Jackson', 'Topeka', 'Lincoln', 'Augusta', 'Baton Rouge', 'Oklahoma City', 'Pierre', 'Bismarck', 'Austin', 'Cheyenne', 'Denver', 'Santa Fe', 'Salt Lake City', 'Helana', 'Phoenix', 'Boise', 'Carson City', 'Olympia', 'Sacramento', 'Salem'], ['Oklahoma City', 'Topeka', 'Little Rock', 'Austin', 'Jefferson City', 'Lincoln', 'Des Moines', 'Jackson', 'Santa Fe', 'Denver', 'Baton Rouge', 'Springfield', 'Cheyenne', 'Nashville', 'Pierre', 'Montgomery', 'Madison', 'Indianapolis', 'Saint Paul', 'Frankfort', 'Atlanta', 'Phoenix', 'Tallahassee', 'Columbus', 'Lansing', 'Salt Lake City', 'Charleston', 'Bismarck', 'Columbia', 'Raleigh', 'Helana', 'Richmond', 'Boise', 'Harrisburg', 'Annapolis', 'Dover', 'Carson City', 'Trenton', 'Sacramento', 'Albany', 'Hartford', 'Montpelier', 'Providence', 'Concord', 'Salem', 'Boston', 'Olympia', 'Augusta'], ['Salem', 'Olympia', 'Boise', 'Carson City', 'Sacramento', 'Helana', 'Salt Lake City', 'Cheyenne', 'Phoenix', 'Denver', 'Bismarck', 'Santa Fe', 'Pierre', 'Lincoln', 'Topeka', 'Saint Paul', 'Oklahoma City', 'Des Moines', 'Jefferson City', 'Madison', 'Austin', 'Springfield', 'Little Rock', 'Indianapolis', 'Lansing', 'Jackson', 'Nashville', 'Baton Rouge', 'Frankfort', 'Columbus', 'Montgomery', 'Charleston', 'Atlanta', 'Tallahassee', 'Columbia', 'Harrisburg', 'Raleigh', 'Richmond', 'Annapolis', 'Albany', 'Dover', 'Trenton', 'Montpelier', 'Hartford', 'Concord', 'Providence', 'Boston', 'Augusta'], ['Harrisburg', 'Annapolis', 'Dover', 'Trenton', 'Richmond', 'Albany', 'Hartford', 'Charleston', 'Providence', 'Columbus', 'Raleigh', 'Boston', 'Concord', 'Montpelier', 'Lansing', 'Frankfort', 'Augusta', 'Columbia', 'Indianapolis', 'Nashville', 'Atlanta', 'Madison', 'Springfield', 'Montgomery', 'Tallahassee', 'Jefferson City', 'Des Moines', 'Saint Paul', 'Jackson', 'Little Rock', 'Topeka', 'Lincoln', 'Baton Rouge', 'Oklahoma City', 'Pierre', 'Bismarck', 'Austin', 'Cheyenne', 'Denver', 'Santa Fe', 'Helana', 'Salt Lake City', 'Phoenix', 'Boise', 'Carson City', 'Olympia', 'Salem', 'Sacramento'], ['Providence', 'Boston', 'Hartford', 'Concord', 'Albany', 'Montpelier', 'Augusta', 'Trenton', 'Dover', 'Harrisburg', 'Annapolis', 'Richmond', 'Raleigh', 'Charleston', 'Columbus', 'Lansing', 'Columbia', 'Frankfort', 'Indianapolis', 'Atlanta', 'Nashville', 'Madison', 'Springfield', 'Montgomery', 'Tallahassee', 'Saint Paul', 'Jefferson City', 'Des Moines', 'Jackson', 'Little Rock', 'Topeka', 'Lincoln', 'Baton Rouge', 'Pierre', 'Oklahoma City', 'Bismarck', 'Austin', 'Cheyenne', 'Denver', 'Santa Fe', 'Helana', 'Salt Lake City', 'Boise', 'Phoenix', 'Carson City', 'Olympia', 'Salem', 'Sacramento'], ['Columbia', 'Raleigh', 'Atlanta', 'Charleston', 'Tallahassee', 'Richmond', 'Montgomery', 'Nashville', 'Frankfort', 'Annapolis', 'Columbus', 'Dover', 'Indianapolis', 'Harrisburg', 'Jackson', 'Trenton', 'Springfield', 'Lansing', 'Baton Rouge', 'Little Rock', 'Jefferson City', 'Hartford', 'Albany', 'Providence', 'Madison', 'Boston', 'Concord', 'Montpelier', 'Des Moines', 'Topeka', 'Augusta', 'Oklahoma City', 'Lincoln', 'Saint Paul', 'Austin', 'Pierre', 'Denver', 'Cheyenne', 'Santa Fe', 'Bismarck', 'Salt Lake City', 'Phoenix', 'Helana', 'Boise', 'Carson City', 'Sacramento', 'Salem', 'Olympia'], ['Pierre', 'Bismarck', 'Lincoln', 'Cheyenne', 'Saint Paul', 'Des Moines', 'Denver', 'Topeka', 'Madison', 'Jefferson City', 'Helana', 'Oklahoma City', 'Springfield', 'Salt Lake City', 'Santa Fe', 'Little Rock', 'Boise', 'Indianapolis', 'Lansing', 'Frankfort', 'Nashville', 'Columbus', 'Phoenix', 'Austin', 'Jackson', 'Charleston', 'Carson City', 'Baton Rouge', 'Olympia', 'Salem', 'Montgomery', 'Atlanta', 'Sacramento', 'Harrisburg', 'Columbia', 'Richmond', 'Annapolis', 'Raleigh', 'Tallahassee', 'Dover', 'Albany', 'Trenton', 'Montpelier', 'Hartford', 'Concord', 'Providence', 'Boston', 'Augusta'], ['Nashville', 'Frankfort', 'Atlanta', 'Indianapolis', 'Montgomery', 'Springfield', 'Charleston', 'Little Rock', 'Jackson', 'Columbus', 'Jefferson City', 'Columbia', 'Tallahassee', 'Raleigh', 'Baton Rouge', 'Lansing', 'Madison', 'Richmond', 'Des Moines', 'Topeka', 'Annapolis', 'Oklahoma City', 'Harrisburg', 'Lincoln', 'Dover', 'Saint Paul', 'Trenton', 'Austin', 'Albany', 'Hartford', 'Pierre', 'Providence', 'Montpelier', 'Boston', 'Concord', 'Denver', 'Cheyenne', 'Augusta', 'Santa Fe', 'Bismarck', 'Salt Lake City', 'Phoenix', 'Helana', 'Boise', 'Carson City', 'Sacramento', 'Salem', 'Olympia'], ['Austin', 'Oklahoma City', 'Baton Rouge', 'Little Rock', 'Jackson', 'Santa Fe', 'Topeka', 'Jefferson City', 'Montgomery', 'Lincoln', 'Nashville', 'Denver', 'Springfield', 'Tallahassee', 'Des Moines', 'Atlanta', 'Cheyenne', 'Phoenix', 'Frankfort', 'Indianapolis', 'Pierre', 'Madison', 'Columbia', 'Saint Paul', 'Columbus', 'Salt Lake City', 'Charleston', 'Lansing', 'Raleig